27
0 0.3333333333333333 0.3333333333333333 0.3333333333333333
3888 0.08079848403311529 0.7829131687692087 0.136288347197676
6197 0.4361219768072735 0.5604045734775074 0.003473449715219167
2318 0.002505153626639448 0.4609577438548769 0.5365371025184837
2183 0.4250995736323186 0.4737324647701703 0.1011679615975111
6360 0.2076882296465666 0.1477170484138197 0.6445947219396138
1342 0.3068421409759869 0.4375757651172852 0.2555820939067279
1683 0.5645995864327029 0.4295929970828544 0.005807416484442718
8149 0.5525115478900766 0.03991290839212821 0.4075755437177951
8992 0.009315706745602455 0.4978557027418338 0.4928285905125637
3721 0.2105148846319032 0.3994029560235577 0.3900821593445391
1738 0.4208914849384317 0.5395221034770347 0.03958641158453369
8120 0.1669055035479652 0.1195973482413055 0.7134971482107293
6343 0.3038086174060511 0.2667372551414084 0.4294541274525405
6017 0.308190289577935 0.1851022232722278 0.5067074871498372
416 0.1640447392513751 0.7199740095869922 0.1159812511616327
9102 0.1753061329792116 0.2457215841087927 0.5789722829119957
4426 0.1472621452433521 0.04203002839681136 0.8107078263598365
5574 0.5664494037382564 0.4044759627453652 0.02907463351637846
8329 0.2682803247698476 0.3016722985547526 0.4300473766753997
3770 0.2948503638554302 0.002040248006870304 0.7031093881376995
5464 0.1748819546153758 0.471003473766847 0.3541145716177772
7707 0.9018034832744097 0.0774445276155508 0.0207519891100395
7490 0.3879375127050956 0.4027935336538795 0.2092689536410249
7914 0.47608215882281 0.07312666314152202 0.450791178035668
6858 0.1625986924221897 0.595062588786521 0.2423387187912893
2650 0.2169739257663847 0.2938062131685599 0.4892198610650555
