3109
0 0.3333333333333333 0.3333333333333333 0.3333333333333333
291 0.5027959600130011 0.3199514629272573 0.1772525770597416
46 0.7012366673769914 0.07412001142931925 0.2246433211936893
1241 0.4513482569247779 0.1432586526147563 0.4053930904604658
286 0.09350162053592984 0.1249992342568346 0.7814991452072356
1307 0.2392843088023476 0.09498807050888462 0.6657276206887678
1042 0.5512799365861086 0.2198002089691626 0.2289198544447287
221 0.006960250302414697 0.4398586178985572 0.5531811317990281
1607 0.5309294011969513 0.1677471973059942 0.3013234014970544
133 0.1955169092004851 0.5026953582498446 0.3017877325496703
1047 0.101692947941089 0.2826145777144637 0.6156924743444474
1140 0.4076511285295784 0.1258997917413699 0.4664490797290517
1357 0.03760804638778011 0.05551435444727475 0.9068775991649451
190 0.3618844162791174 0.06232112128598977 0.5757944624348929
924 0.0003120131268400106 0.5588714466070691 0.4408165402660909
86 0.491370346156047 0.3811017264423689 0.1275279274015841
1178 0.18759758916396 0.742887816716977 0.06951459411906293
5 0.2084970693681756 0.5388161293209131 0.2526868013109114
140 0.05977188473604784 0.05794283794722845 0.8822852773167238
1286 0.1568105531150344 0.7631803451002647 0.08000910178470093
33 0.5923916150925714 0.3898727192392726 0.01773566566815597
1187 0.5290368006301759 0.2214036709015179 0.2495595284683062
10 0.358093736593222 0.4921054907198848 0.1498007726868931
220 0.5195108717101162 0.1325375641422943 0.3479515641475894
1126 0.417766478327012 0.1720029937965227 0.4102305278764653
165 0.06515859889123818 0.1124469553298336 0.8223944457789283
15 0.06407868586781218 0.8441449246197059 0.09177638951248204
1400 0.8563608963447156 0.03815817013402313 0.1054809335212614
147 0.62799357856787 0.3226465681174302 0.04935985331469983
1179 0.4426939202166927 0.5325954309163425 0.02471064886696478
1066 0.2126024423215596 0.6477459639841365 0.1396515936943038
222 0.09213588884239506 0.476857778473378 0.4310063326842269
354 0.4768958423096065 0.4487741477612719 0.07433000992912167
1084 0.5188979996988342 0.07227662090126695 0.4088253793998988
1251 0.4742412789925733 0.3691442496633537 0.1566144713440729
224 0.3722539476277383 0.06001882089433941 0.5677272314779224
1254 0.06028092209854331 0.9191638703157912 0.02055520758566553
1371 0.3576277328397231 0.4820263334447639 0.1603459337155131
443 0.5986209525715621 0.3624931223336169 0.03888592509482092
961 0.3701001550589799 0.2883810457448043 0.3415187991962159
1316 0.4788107805387327 0.2434558800682894 0.277733339392978
1107 0.563359076607864 0.1867138795709311 0.2499270438212049
251 0.4333083149978574 0.09434656111082663 0.4723451238913159
285 0.1969344633945758 0.5390836703949947 0.2639818662104295
1872 0.3107407206476404 0.4557466832920232 0.2335125960603364
1932 0.528508506674222 0.462741106023992 0.008750387301785947
1248 0.3078212643878289 0.08900422572332334 0.6031745098888478
675 0.4436635722670113 0.0466092466328929 0.5097271811000958
39 0.0829777802530509 0.2883374328520368 0.6286847868949124
203 0.6220099058808632 0.1576055938759206 0.2203845002432162
1288 0.3480907838206521 0.0870950045942103 0.5648142115851376
1065 0.2691137459708081 0.4990076009465406 0.2318786530826513
121 0.05776550352037206 0.7073422567247992 0.2348922397548288
1411 0.5408914871235434 0.2494789014907735 0.2096296113856831
1877 0.1734663017639253 0.1991328617025926 0.6274008365334822
273 0.7774763768259018 0.15027434485442 0.07224927831967827
1398 0.2473049889775773 0.4377544164485273 0.3149405945738953
438 0.5365492172179649 0.08906527933461908 0.374385503447416
1397 0.5127063038564379 0.2007595740488083 0.2865341220947538
1302 0.2639612978508789 0.2170388382990403 0.5189998638500808
1330 0.5847215834791296 0.2494041548182199 0.1658742617026505
1444 0.03044188390165315 0.3799433408643095 0.5896147752340373
1192 0.0007350722764117527 0.9743480823470803 0.02491684537650793
1211 0.2165998641816596 0.4834407314610656 0.2999594043572748
1036 0.01528220088450605 0.6968062348673352 0.2879115642481588
1657 0.137878515472471 0.1874055226779604 0.6747159618495685
218 0.1657741261111764 0.6502214855992218 0.1840043882896019
277 0.3749976481243969 0.547402188419481 0.07760016345612208
88 0.4309411390413222 0.2299672706159794 0.3390915903426984
1040 0.5739328935608073 0.1348145239828877 0.2912525824563049
1067 0.3872703092122032 0.3927107863187944 0.2200189044690025
1118 0.09646400767396238 0.551111140150584 0.3524248521754536
1244 0.5980707917287418 0.0143704023861746 0.3875588058850836
102 0.5540543813760133 0.1730938672672185 0.2728517513567681
240 0.1451630983048114 0.7773562603824562 0.07748064131273225
1085 0.2292393929444885 0.5588875043521679 0.2118731027033435
1067 0.01100260849986932 0.6275022375238021 0.3614951539763286
1239 0.7075562990544561 0.2041843901850832 0.08825931076046073
1235 0.1124651341527593 0.6038266663528388 0.2837081994944021
11 0.3439426132529669 0.3129012310927407 0.3431561556542924
1449 0.1301403517729988 0.6876560540619393 0.182203594165062
785 0.09778552310428787 0.4215956294076398 0.4806188474880724
257 0.5124076994042459 0.3123182272750232 0.1752740733207309
22 0.8776670617328958 0.05060122005368639 0.07173171821341784
147 0.1468578767625258 0.5856860962201575 0.2674560270173166
49 0.6439901668383606 0.1163868150198917 0.2396230181417477
668 0.4796699362016009 0.1221372116114453 0.3981928521869538
273 0.5577851564546783 0.2945098330762936 0.1477050104690281
1323 0.325738357659703 0.4919536442528671 0.1823079980874299
181 0.07854011011072179 0.2767243108686109 0.6447355790206674
1861 0.1991370664589845 0.7089100286902285 0.09195290485078701
400 0.09324366300582584 0.8307458299180213 0.07601050707615287
1933 0.4187481224159794 0.1648372633198135 0.4164146142642071
1231 0.2629985916369451 0.673917817420697 0.0630835909423578
1262 0.3201425900206025 0.5637689082757565 0.116088501703641
33 0.85881681004516 0.07067045516259565 0.07051273479224439
1368 0.08042470254105177 0.04759380311795638 0.8719814943409918
1185 0.2367368919734735 0.2223461085388055 0.540916999487721
1396 0.4387617196570582 0.09993821145860057 0.4613000688843412
606 0.06618609726514443 0.3000057088549709 0.6338081938798847
228 0.1492716650317779 0.3214598297591416 0.5292685052090806
115 0.4341606418074548 0.04718853610518681 0.5186508220873585
1067 0.1752323278618616 0.2373927934010099 0.5873748787371285
1139 0.5651668914158033 0.01724557912449961 0.4175875294596971
1916 0.295972701422151 0.6969051220600797 0.007122176517769363
16 0.1550253831072333 0.1622549966002057 0.6827196202925611
1118 0.6240448801132797 0.1679624760468258 0.2079926438398945
1420 0.009875029451462902 0.5270725335062735 0.4630524370422636
1830 0.4124353497692664 0.552249132916666 0.03531551731406762
773 0.5580438989047669 0.1417870165064675 0.3001690845887655
304 0.4758984012303584 0.2246697713465819 0.2994318274230597
99 0.7299117379487633 0.07668837779454037 0.1933998842566964
1653 0.7001267829063327 0.20193614907021 0.09793706802345732
122 0.5559401214330086 0.1596885792460658 0.2843712993209255
1180 0.1149043255219159 0.5147301256172151 0.370365548860869
214 0.3465215870693216 0.5418386642276483 0.1116397487030301
1027 0.7347590703379885 0.177882991306949 0.08735793835506246
187 0.7354400188075484 0.07927414853828726 0.1852858326541643
1487 0.03440600345857658 0.5726635879312633 0.3929304086101603
373 0.2217510171482465 0.6531543988793208 0.1250945839724328
1282 0.7694251515540605 0.04440582179834301 0.1861690266475965
151 0.05236303895289697 0.4739012905430008 0.4737356705041023
1519 0.4182993435334961 0.1581067877272662 0.4235938687392377
669 0.03737066509161339 0.4503225886328556 0.5123067462755311
138 0.4614868464466055 0.4277987838509502 0.1107143697024443
1270 0.1397239189925668 0.7817547850239478 0.0785212959834854
1097 0.2668386348981819 0.6682136554991381 0.06494770960267987
1207 0.5745971906308999 0.02897379733902039 0.3964290120300797
810 0.1945194263566427 0.5314210664237315 0.2740595072196257
1030 0.3596740881039241 0.03486751191338811 0.6054583999826877
310 0.6164450028722711 0.1736454996522373 0.2099094974754915
264 0.01123258609975255 0.7451440024235523 0.2436234114766953
163 0.4626851739107195 0.2159365352082001 0.3213782908810804
1269 0.007046606140106104 0.8044526045200423 0.1885007893398516
1432 0.1557366823112976 0.5187000109701553 0.3255633067185471
1148 0.4546976279906857 0.3895942930165761 0.1557080789927382
265 0.2718422262705693 0.4708515541839068 0.2573062195455239
1255 0.3244993540646837 0.4455657263275357 0.2299349196077806
197 0.3647525748920626 0.1102602850187266 0.5249871400892108
1665 0.4208969223254663 0.5780056413160898 0.001097436358443948
245 0.1995340508846355 0.2002760064873799 0.6001899426279846
402 0.0572714312556764 0.5624017191696373 0.3803268495746863
580 0.1151064171196705 0.08508637668770291 0.7998072061926266
279 0.3429420606022098 0.02033912436963586 0.6367188150281543
94 0.03969075510573897 0.3627279288185175 0.5975813160757435
1087 0.5432135388888287 0.4335603824096434 0.02322607870152787
95 0.248153465535578 0.09891793428617357 0.6529286001782484
1128 0.1083175080654438 0.1570168730741262 0.73466561886043
1268 0.3279364615536526 0.1095414750811453 0.5625220633652021
764 0.5636389313573796 0.2781914935269933 0.1581695751156271
1035 0.4715519747294044 0.4842065366518488 0.04424148861874687
79 0.5271946394772662 0.07344687731739302 0.3993584832053408
1664 0.2638420053792698 0.09245737580573711 0.6437006188149932
1783 0.1013964189802962 0.5000523138511732 0.3985512671685306
1321 0.05830189792846847 0.8746119093910447 0.06708619268048678
1293 0.2362217048433474 0.7185985019479123 0.04517979320874024
336 0.6238437542396973 0.3497369883149509 0.02641925744535183
244 0.5133951821246509 0.472400744188102 0.01420407368724708
1694 0.03193181878709567 0.597475738072984 0.3705924431399203
1031 0.5889094242569652 0.4101818162572107 0.0009087594858239863
214 0.2580871612406259 0.3630149915907031 0.3788978471686711
633 0.9061873050246271 0.007047819492214433 0.08676487548315845
301 0.01252948282348504 0.6426737546512771 0.3447967625252378
1902 0.2106838950002016 0.05963498507414594 0.7296811199256525
1414 0.2747331980274076 0.2911517325320923 0.4341150694405002
533 0.5019839431798739 0.4301672332674982 0.06784882355262786
1258 0.1363258073401898 0.3797742820398798 0.4838999106199304
823 0.05593769215768796 0.5584023996659389 0.3856599081763731
888 0.07509604655097174 0.7742746621744315 0.1506292912745967
1126 0.8075539195274657 0.1052218640199684 0.08722421645256594
78 0.316798551404323 0.6102210584718669 0.07298039012381002
1475 0.1139049820924952 0.4110589490309311 0.4750360688765737
1688 0.6767126693700976 0.3075399046951467 0.01574742593475576
185 0.3554795748643566 0.5645840299324566 0.07993639520318681
494 0.1476446684839375 0.2616637603358973 0.5906915711801651
794 0.001243048013491663 0.2029968031301972 0.7957601488563112
1885 0.2047203492969678 0.2135388081822776 0.5817408425207546
176 0.7485738459216782 0.113682026972218 0.1377441271061039
1270 0.02029161599324714 0.2382204754137302 0.7414879085930226
1151 0.1955530623920565 0.1600326681781193 0.6444142694298242
394 0.03878558099423002 0.05236183546580179 0.9088525835399682
1108 0.1478640942976261 0.1039515251634869 0.7481843805388869
134 0.007942012065303006 0.6188928470057216 0.3731651409289754
1803 0.004301171588530986 0.6725592172644324 0.3231396111470367
1743 0.4168147024781706 0.4773263609247274 0.1058589365971021
725 0.5747971254375005 0.2774470592419013 0.1477558153205982
1624 0.06128440017741155 0.0368678290028476 0.9018477708197409
1762 0.236010800551087 0.1465324933327763 0.6174567061161367
938 0.1749436157281976 0.75563215226849 0.06942423200331238
1739 0.8583537483167742 0.09016916789977436 0.05147708378345142
454 0.1303565472899214 0.3812598197365896 0.488383632973489
1090 0.6386973241763869 0.1151766431864305 0.2461260326371825
1217 0.9558356781360091 0.04095428027037598 0.003210041593614876
1256 0.3061708865376762 0.03465319121117533 0.6591759222511485
1112 0.1110499598949292 0.8151727672569912 0.07377727284807969
327 0.5942863575483535 0.1760881491248652 0.2296254933267813
348 0.1299576556657211 0.0110733542310204 0.8589689901032584
162 0.3802963920661562 0.3240989141121287 0.2956046938217151
1314 0.04357492562901481 0.02163502300942177 0.9347900513615636
1924 0.3453390029084854 0.6123865463738237 0.04227445071769079
56 0.8499065257218897 0.05345644721804073 0.09663702706006952
179 0.2290299315053845 0.294947761334568 0.4760223071600475
445 0.05159469147728424 0.8577237795622129 0.09068152896050286
351 0.16111054636974 0.1621464548133805 0.6767429988168796
319 0.7177473142521211 0.239369831054009 0.04288285469386988
149 0.8147328795554244 0.1368373036514568 0.04842981679311889
145 0.4387943042598222 0.06922028845415829 0.4919854072860195
1435 0.2511573743901968 0.5699663494562004 0.1788762761536028
1875 0.2090366546153824 0.433989037544907 0.3569743078397106
296 0.3481561213984119 0.493367609409836 0.1584762691917522
903 0.08181311414636919 0.07769951003579165 0.8404873758178392
1502 0.5518006973939605 0.2282869526830839 0.2199123499229556
303 0.8141349064814646 0.009524924266678614 0.1763401692518568
840 0.3318098383600295 0.3961952671979923 0.2719948944419782
1262 0.4590067271735276 0.1094671079520728 0.4315261648743997
1063 0.02513297481934307 0.5962854024415158 0.3785816227391411
63 0.14662903554449 0.7484318715740904 0.1049390928814196
1928 0.6357159743488413 0.3530203689851055 0.01126365666605322
965 0.1871799005272251 0.5143694258333278 0.2984506736394471
1668 0.5022539829889564 0.1047191769150972 0.3930268400959464
1764 0.4734724130770566 0.2942806369864785 0.2322469499364649
170 0.6660137956386186 0.3274486718026558 0.006537532558725606
1263 0.3765378073914337 0.5677122931178588 0.05574989949070766
764 0.02140757748738511 0.3882825864837105 0.5903098360289044
125 0.3501220294596447 0.2162449608364568 0.4336330097038986
1433 0.04400978806124103 0.1846713443161201 0.7713188676226388
390 0.7172522074061628 0.1586010781015766 0.1241467144922606
395 0.08076581120739008 0.1542007393744111 0.7650334494181987
25 0.1100465614949482 0.3160221207814025 0.5739313177236492
1201 0.1803459689453837 0.4232875573690021 0.3963664736856143
256 0.4634760858050269 0.01372223250429233 0.5228016816906808
143 0.1491510658633955 0.171339881126388 0.6795090530102164
1919 0.24830593688362 0.5932488681137824 0.1584451950025976
67 0.5022859737657644 0.3159335729604799 0.1817804532737557
1373 0.2262804706332136 0.1080651809385846 0.6656543484282017
399 0.1618837220305644 0.6517876293189564 0.1863286486504793
1972 0.409142531474904 0.3473443913990741 0.2435130771260219
288 0.2659637221279521 0.1557633932492055 0.5782728846228424
1151 0.8989258497263142 0.07618922362518035 0.02488492664850546
1269 0.1405480371934661 0.2511709194414001 0.6082810433651339
907 0.2676773115847851 0.4426561023399191 0.2896665860752958
1116 0.4791988685249782 0.1288439296403714 0.3919572018346504
1170 0.3755878969046299 0.1868899406794177 0.4375221624159524
1403 0.4233880873759736 0.3388392564824001 0.2377726561416263
12 0.264799231223057 0.1947902336608332 0.5404105351161098
1211 0.2535059512531506 0.1270517097647109 0.6194423389821385
1100 0.4318713115906495 0.4635626193056521 0.1045660691036984
1405 0.09573425063686375 0.04354369867095195 0.8607220506921843
1044 0.2554581179115769 0.1346502823748282 0.6098915997135949
1069 0.7380816181289404 0.02893263586952255 0.2329857460015372
136 0.293521568194511 0.6506657442508123 0.05581268755467674
325 0.0346791410131897 0.278204112741658 0.6871167462451523
1098 0.007263691902576114 0.6005173116261174 0.3922189964713064
1744 0.0487700133880511 0.7824329868787894 0.1687969997331595
1120 0.0816584214553529 0.7743531586261735 0.1439884199184736
178 0.2258657207215275 0.2606458052358958 0.5134884740425767
284 0.5400106862921364 0.4580128621125308 0.001976451595332725
1033 0.4561911297976229 0.1245598536027922 0.4192490165995849
767 0.2719298561916617 0.005732496386439634 0.7223376474218988
825 0.2475799480355358 0.1366630107365127 0.6157570412279514
92 0.2107313762039619 0.3617638434668635 0.4275047803291746
1307 0.1860916483027296 0.4926149476348214 0.3212934040624489
1080 0.7806543391438241 0.1464595179134477 0.07288614294272822
1060 0.1102601627261712 0.4852314331703336 0.4045084041034952
1372 0.2216967629846841 0.2469101656188644 0.5313930713964515
1291 0.2753513448291164 0.5252683772622049 0.1993802779086787
240 0.545556316069425 0.3880622033307359 0.06638148059983906
657 0.2986190476056637 0.03135253741862754 0.6700284149757089
219 0.4918331472549475 0.1809366027440694 0.3272302500009832
200 0.1682632744242727 0.7680865226633331 0.06365020291239422
342 0.3919735509375928 0.5795990716721067 0.02842737739030043
1022 0.005419743379999842 0.3910021492251711 0.6035781073948291
408 0.344270388244087 0.2470158110285721 0.4087138007273409
155 0.3916966842681657 0.1376553115285677 0.4706480042032667
786 0.7613506430277742 0.01386207255683142 0.2247872844153943
767 0.3945548216026638 0.3988680271952018 0.2065771512021345
1228 0.08528815721679613 0.2108703455860668 0.7038414971971371
1751 0.0647256292478265 0.08394565317951423 0.8513287175726593
1245 0.4335311017551371 0.1441560237937415 0.4223128744511213
1943 0.5996538674582044 0.1354419337835391 0.2649041987582564
1064 0.02266138297526332 0.7802530085422452 0.1970856084824914
255 0.4336868861693713 0.4328019743652905 0.1335111394653382
813 0.2709374403250414 0.4184003711174029 0.3106621885575557
1108 0.7005042466492055 0.1689934163968855 0.1305023369539089
10 0.04130008760263537 0.08792590947340362 0.870774002923961
1880 0.4983666571961279 0.4018306300046868 0.09980271279918518
208 0.6237703052216337 0.2313863722201581 0.1448433225582082
331 0.383052260316085 0.4391794847315084 0.1777682549524065
1043 0.1781196487295226 0.185116675754269 0.6367636755162085
196 0.3187232398321783 0.3438600743869756 0.3374166857808461
666 0.05062372985842197 0.07053668582798721 0.8788395843135908
198 0.1451992841008972 0.1024642507393077 0.752336465159795
467 0.1364283175908201 0.1056087711360232 0.7579629112731566
948 0.7341910768662046 0.2156044883030076 0.05020443483078796
1268 0.3674873700934074 0.5362163895952166 0.0962962403113761
251 0.08768856469813546 0.6940798855071483 0.2182315497947163
474 0.5623829027158704 0.1914632433505631 0.2461538539335665
1779 0.0107834040151607 0.2736220921953774 0.7155945037894619
1044 0.6574700225479045 0.1877299393491238 0.1548000381029717
65 0.0611628789610565 0.4045196403998545 0.5343174806390889
252 0.1539556673063643 0.7903345480182962 0.05570978467533956
814 0.3611327635395695 0.2393677395569946 0.3994994969034359
802 0.3339648418378056 0.09763976639790486 0.5683953917642895
912 0.06885216232290622 0.8594193596479955 0.07172847802909819
261 0.01530656168769229 0.3414170764192858 0.6432763618930218
1241 0.08914905325708242 0.6462434246007225 0.2646075221421951
4 0.1806109632505923 0.130834829892555 0.6885542068568529
1597 0.02240868887104994 0.7266435082749219 0.2509478028540281
1492 0.01052741754707664 0.1187764391756647 0.8706961432772586
1027 0.1748487118468927 0.468880736014769 0.3562705521383382
1853 0.20146674747031 0.02049001847355911 0.7780432340561309
1295 0.4980140846508265 0.379286257519962 0.1226996578292114
1320 0.1207491783537549 0.4945134936365003 0.3847373280097448
295 0.1481708930555095 0.3143147729807223 0.5375143339637682
634 0.599648665588469 0.1089115886774379 0.291439745734093
661 0.8037596501354254 0.1893606944995744 0.006879655365000205
899 0.3123736890394046 0.09796358667155586 0.5896627242890395
1364 0.23764056236606 0.265453023972977 0.4969064136609629
1151 0.3626376778750546 0.317494378157242 0.3198679439677035
1551 0.4184795529627665 0.4473962692493808 0.1341241777878527
76 0.5192320681134749 0.4367201682988642 0.04404776358766097
278 0.2384283089040381 0.5784409515215381 0.1831307395744237
277 0.1547166068956122 0.08837020878742663 0.7569131843169611
526 0.02651194740813051 0.8406534648632142 0.1328345877286553
119 0.2220244878941943 0.1123638569604895 0.6656116551453162
252 0.1131603781953116 0.04774362320686899 0.8390959985978195
1321 0.4319307191464163 0.4730430606634719 0.09502622019011181
1045 0.4031032687130443 0.3332363370966595 0.2636603941902962
1771 0.1761931554302056 0.3206546080233518 0.5031522365464425
30 0.6278741411739082 0.05691928336136551 0.3152065754647262
1277 0.006020722976353587 0.9172050632965731 0.07677421372707324
649 0.2427559251986237 0.6593346677517802 0.09790940704959622
1190 0.1041706935458438 0.8387398327669405 0.05708947368721573
765 0.06796955793049429 0.7702194575730872 0.1618109844964185
526 0.1420421724032801 0.3038508766337107 0.5541069509630092
86 0.4014721192811309 0.09721636108791326 0.501311519630956
223 0.6311580311351122 0.3305707043936434 0.03827126447124443
1768 0.2771524514839654 0.07054819934450418 0.6522993491715302
1082 0.5389087188595709 0.290449699000394 0.1706415821400352
247 0.5251361775912332 0.373478264313986 0.1013855580947807
245 0.3448434424428916 0.0108675632233344 0.6442889943337741
478 0.3452830101298694 0.1219665950803064 0.5327503947898242
254 0.3064704695673341 0.3884275548948594 0.3051019755378066
1745 0.04055301204382578 0.5603884808150879 0.3990585071410865
75 0.5896914427551079 0.3505426465981081 0.05976591064678408
1374 0.8278115048872882 0.07523799274831292 0.09695050236439888
1316 0.006387064871100301 0.3930259521847822 0.6005869829441175
1628 0.3595618834673537 0.06603343727345826 0.574404679259188
716 0.1376486895374937 0.5588813956542594 0.303469914808247
1659 0.2813081840547713 0.6616182430139761 0.05707357293125261
1091 0.1679921345764269 0.5440803281336417 0.2879275372899314
1234 0.4345189548682349 0.3168576305790212 0.2486234145527439
1953 0.1035891519486481 0.5617168892011034 0.3346939588502485
1303 0.5734241589126715 0.3989933148595755 0.02758252622775303
1819 0.09451573165324145 0.3376076256602131 0.5678766426865455
1048 0.6139518076056201 0.2803469904547545 0.1057012019396255
1032 0.02077914391436779 0.9335119888294042 0.04570886725622798
1055 0.08872179105940659 0.3958333965061845 0.5154448124344089
1559 0.515209017271732 0.456694249474241 0.02809673325402706
249 0.04442220859172485 0.8402433408583613 0.1153344505499139
13 0.03278223821713364 0.6894238570384345 0.2777939047444318
1610 0.2014868489798123 0.4464155271940774 0.3520976238261103
1452 0.199100067307518 0.07890048123478541 0.7219994514576965
1983 0.274320426290554 0.6221305302953573 0.1035490434140888
933 0.2663269973016993 0.6362405743574938 0.09743242834080695
1488 0.389516184341508 0.5767560887109463 0.03372772694754572
1184 0.4060221045273906 0.5883619734893302 0.005615921983279146
1634 0.4574826019788644 0.05319663728465271 0.4893207607364828
288 0.2029775512694194 0.7543515374244656 0.0426709113061149
415 0.2492975184449475 0.3123334935718375 0.4383689879832149
652 0.8341502962042278 0.07959992447316692 0.0862497793226053
1249 0.5821981060128034 0.1861392544419058 0.2316626395452909
175 0.3150444138505371 0.08421213693254415 0.6007434492169188
291 0.008523928206183239 0.3369108020145202 0.6545652697792965
1046 0.1955875850246124 0.01898956073503222 0.7854228542403554
224 0.3081900775763387 0.4549281126693432 0.2368818097543182
65 0.4236936030910663 0.4093006013246461 0.1670057955842875
29 0.08141016209718946 0.6381623255375185 0.2804275123652921
1181 0.1097941739869502 0.2157016861409271 0.6745041398721228
1634 0.1157934864079732 0.1049204182239868 0.7792860953680401
711 0.03017667009789449 0.0989628074123528 0.8708605224897527
1553 0.09599779670485206 0.3313369701481061 0.5726652331470418
1315 0.1059464629005488 0.6693494693728788 0.2247040677265725
669 0.3508263241302162 0.6392735090492994 0.009900166820484502
1425 0.3140863821896708 0.6103980633577966 0.07551555445253261
1094 0.6942319871375472 0.06818300493557307 0.2375850079268798
171 0.3845864017683651 0.1378147831182995 0.4775988151133354
146 0.1162980281327488 0.07024337567784743 0.8134585961894037
686 0.04656217881859305 0.217496907288284 0.735940913893123
1617 0.2090291695386281 0.653833861179597 0.137136969281775
1801 0.2358609445837369 0.6312764002125616 0.1328626552037015
48 0.1326691281529467 0.2330792410054434 0.63425163084161
163 0.2711919478666032 0.05695750698479685 0.6718505451485999
995 0.370299502288336 0.6251069614586061 0.00459353625305796
1399 0.1929601259038936 0.130539638925909 0.6765002351701974
1501 0.06538804547471655 0.8991033312447014 0.03550862328058212
1264 0.02353721929504701 0.08052032748291515 0.8959424532220378
67 0.002680241534032083 0.2422652880236476 0.7550544704423203
48 0.59814956585865 0.08755131636304231 0.3142991177783077
194 0.4008126711075693 0.5382520366831194 0.06093529220931132
981 0.306378187615961 0.06343025898734411 0.6301915533966949
154 0.6370504084919506 0.1362502148890042 0.2266993766190453
1876 0.06368040748616741 0.9255730045580457 0.01074658795578689
1740 0.3578236307888896 0.538603413271775 0.1035729559393355
940 0.7036682106045159 0.08111851033558126 0.2152132790599028
1345 0.3339880886544833 0.04191357393475312 0.6240983374107636
1427 0.3651329689163637 0.2086630786529454 0.4262039524306909
812 0.09316818212002578 0.1502342870899388 0.7565975307900354
1865 0.3499189925137929 0.5212513855299271 0.1288296219562799
848 0.2613481776341232 0.003020735791073271 0.7356310865748036
672 0.5882270832397987 0.3709407182900117 0.04083219847018969
62 0.3007606444012003 0.3097433296873474 0.3894960259114523
445 0.02495087171126105 0.1716306531029515 0.8034184751857875
1109 0.3523558232936504 0.007949155894012306 0.6396950208123373
906 0.3708121424398489 0.4814174803881304 0.1477703771720206
1320 0.3771983967673035 0.547868189916078 0.07493341331661851
1524 0.1764071307163212 0.6543288940350415 0.1692639752486374
1602 0.4857389540194848 0.4715186620474749 0.0427423839330402
1142 0.1189576654944687 0.4449909205686983 0.436051413936833
1377 0.546105970118212 0.2298946494532836 0.2239993804285043
1291 0.02311649249351955 0.1510978945896092 0.8257856129168712
354 0.1264131227698704 0.09293408059569162 0.780652796634438
1319 0.6341482485683356 0.1574304203986496 0.2084213310330147
1292 0.6429788808428377 0.1577730833706855 0.1992480357864768
1119 0.3202845339707471 0.2733686005592758 0.4063468654699772
444 0.05535433857310895 0.1186742260207458 0.8259714354061451
229 0.3183287733881918 0.00103938262119664 0.6806318439906116
19 0.07607062890668356 0.2295486087767734 0.694380762316543
1279 0.1146659581776888 0.5096248440929062 0.375709197729405
816 0.5397900349563318 0.08287722169737041 0.3773327433462977
772 0.09239602510821532 0.1469585007155887 0.7606454741761959
610 0.2285556079952117 0.5474193221304655 0.2240250698743229
1053 0.3416982611763353 0.1123845704035874 0.5459171684200772
517 0.1606850215223126 0.1928321535710781 0.6464828249066094
870 0.6438489026855566 0.2674954389884507 0.08865565832599265
480 0.1185415914729513 0.542419558511124 0.3390388500159246
1153 0.1472870051231841 0.4109823009478348 0.4417306939289811
1766 0.4392958919882878 0.2042201025480579 0.3564840054636543
1352 0.7317069729128033 0.221130279054135 0.04716274803306168
288 0.7260095758603681 0.2514859406504611 0.02250448348917078
1069 0.1027965037778971 0.3445601223988726 0.5526433738232304
1763 0.5201197458205589 0.1298975966006496 0.3499826575787914
355 0.08766968366687539 0.4142010690356587 0.4981292472974659
1886 0.5397043099583628 0.3023572973013708 0.1579383927402663
1794 0.1607201654451003 0.5652728173063755 0.2740070172485243
411 0.3687216094914212 0.08163582390761762 0.5496425666009612
24 0.1795663552329887 0.6376448171930144 0.1827888275739969
448 0.02308876229280687 0.6943041957744024 0.2826070419327907
1242 0.494839260230956 0.4055031251734795 0.09965761459556452
101 0.2079314110939493 0.0946963186947454 0.6973722702113053
1301 0.1868754242287944 0.6012301921189515 0.2118943836522541
1571 0.3621756411285281 0.02487080360311639 0.6129535552683556
1062 0.9392482222240941 0.03670404746583107 0.02404773031007487
312 0.007602475082489487 0.7165828024672928 0.2758147224502177
1619 0.154052979333441 0.4290034405305125 0.4169435801360464
1325 0.08351991797709105 0.2782980941937317 0.6381819878291772
18 0.4100653323210829 0.261418935422493 0.3285157322564242
1206 0.3683385980742836 0.6098257069418558 0.02183569498386059
1290 0.4885780895270145 0.4074703899279939 0.1039515205449916
1081 0.0543232242702687 0.2160455475955767 0.7296312281341547
1205 0.2375676020789514 0.5765484040345311 0.1858839938865176
1413 0.02537802572706649 0.11028706116024 0.8643349131126935
253 0.5554992076697318 0.2071426604112648 0.2373581319190033
1568 0.5769539808389013 0.02921663188528334 0.3938293872758154
135 0.2782126373580808 0.5071446376852151 0.2146427249567042
1233 0.4257037483539636 0.5576580667078164 0.01663818493821997
243 0.07973641618355665 0.1719639803041367 0.7482996035123066
721 0.6559334758191249 0.05600162183314859 0.2880649023477266
67 0.1567811063787895 0.636574846331982 0.2066440472892284
593 0.385157867985234 0.05184221988588361 0.5629999121288825
545 0.3982569326086091 0.1570022774220243 0.4447407899693666
1051 0.08463186956396226 0.03930942499873109 0.8760587054373067
1046 0.3043747085179064 0.3923428891840362 0.3032824022980574
1366 0.790260828775825 0.08428717102046079 0.1254520002037142
279 0.6791817656346845 0.2852066011351539 0.03561163323016162
1776 0.2191395579210275 0.7283345759099673 0.05252586616900512
61 0.1234905260070166 0.8721866027775149 0.004322871215468456
756 0.3643967803406645 0.2246965004223969 0.4109067192369386
1128 0.3240710884931362 0.5809056516837806 0.09502325982308335
658 0.01480681048794873 0.8444905855518779 0.1407026039601733
148 0.6332342066274501 0.3156242430619418 0.05114155031060807
976 0.2246766300447179 0.2062784767759849 0.5690448931792972
1254 0.4874232861433742 0.2731489418558611 0.2394277720007648
1149 0.4890986240792505 0.3885671345485797 0.1223342413721698
1209 0.2201486491294068 0.2668543299891468 0.5129970208814464
659 0.2238339864994548 0.5818500214847729 0.1943159920157722
1270 0.3066994196834576 0.2298355920514656 0.4634649882650768
479 0.519344448154248 0.180168493017744 0.300487058828008
75 0.4127988630060647 0.3093205186425318 0.2778806183514034
1452 0.2012212176390022 0.7113850592821248 0.08739372307887287
1274 0.3002892703959631 0.6346225268031083 0.06508820280092864
139 0.5090074248155992 0.469417656746822 0.02157491843757878
350 0.4574411266354391 0.1894834050240055 0.3530754683405553
1167 0.8155565121277552 0.03078031411748063 0.1536631737547642
1058 0.2569691992473548 0.2525091916663116 0.4905216090863336
91 0.3943990932198479 0.4012097362066256 0.2043911705735265
1409 0.05377025580764654 0.1941226075243564 0.752107136667997
1190 0.2481178477862084 0.2746901066052559 0.4771920456085358
763 0.2762950013361725 0.2693965127045854 0.4543084859592421
1199 0.1627264525959548 0.4671385560994543 0.3701349913045909
1655 0.1153026526440068 0.3683108138967854 0.5163865334592077
306 0.1562612145289975 0.3998347275155961 0.4439040579554064
438 0.1753515841943718 0.7921380761381365 0.03251033966749178
1471 0.7567980045882093 0.07413931333886918 0.1690626820729215
1113 0.1011128490203327 0.01502679425017639 0.8838603567294909
258 0.7213098024131908 0.1199795291608058 0.1587106684260035
1272 0.1085684359403537 0.3303939742186557 0.5610375898409907
152 0.00173080737698676 0.3252446394204356 0.6730245532025776
770 0.5708337731078225 0.03991408448829553 0.389252142403882
1399 0.03395758077729154 0.7069708171991517 0.2590716020235568
713 0.4520106829568425 0.1108497327595489 0.4371395842836086
1068 0.06612808897245032 0.4423297169859881 0.4915421940415616
986 0.226937257876603 0.5307927736770636 0.2422699684463335
32 0.8541705698957373 0.02574034056048615 0.1200890895437765
1157 0.4586709977132049 0.01012811476462505 0.5312008875221701
1880 0.005672854589409804 0.7917317240641266 0.2025954213464636
708 0.2976662842165938 0.1674352328669825 0.5348984829164238
1192 0.3862751878708549 0.2845273088446265 0.3291975032845186
219 0.04563781511128678 0.1335677345886772 0.8207944503000359
1432 0.9508110235868812 0.02637102336755213 0.0228179530455667
1041 0.1300864253306468 0.4741614983797112 0.3957520762896421
1424 0.6314258721817221 0.3639324634987092 0.004641664319568675
1842 0.3681139981581246 0.4481157949358474 0.183770206906028
909 0.1374493713628659 0.4503375536822267 0.4122130749549074
1613 0.7476913405038766 0.135551588638415 0.1167570708577083
127 0.5552332241545127 0.4377188300928062 0.007047945752681056
432 0.6421180302195661 0.1275844156352655 0.2302975541451683
64 0.03472694188014945 0.6723476170719614 0.2929254410478891
1351 0.8052126732421175 0.07118359492024202 0.1236037318376405
1902 0.5345108650821579 0.3987949370602475 0.06669419785759453
1072 0.3241486216703085 0.4766824410643221 0.1991689372653694
108 0.03836022419029184 0.1983045130591502 0.763335262750558
283 0.9417569004512539 0.0007493641499078606 0.05749373539883817
1227 0.458350208484538 0.09092124745540689 0.4507285440600551
452 0.3081865048247999 0.06578472342632574 0.6260287717488744
268 0.1454778263184081 0.5594387380787815 0.2950834356028105
1761 0.3762021068880738 0.5517392113583806 0.07205868175354577
239 0.06626552687644435 0.6519337808294542 0.2818006922941014
488 0.7367784470248639 0.114691829662617 0.148529723312519
1620 0.3114519852932897 0.4086679015031744 0.2798801132035358
1225 0.05901880985212148 0.5700688663393859 0.3709123238084926
1116 0.3919255306062812 0.479743362989023 0.1283311064046958
314 0.01986579766340155 0.8563852792189864 0.1237489231176121
1436 0.05188383843395809 0.911108486844095 0.03700767472194692
1614 0.1731741813620644 0.3063095024384271 0.5205163161995084
869 0.5365481186115204 0.2638850763270739 0.1995668050614058
794 0.1370052976050436 0.6561000653675398 0.2068946370274166
439 0.5951561353179047 0.2708340638324602 0.1340098008496351
687 0.4641049165616278 0.1583340288823314 0.3775610545560408
1312 0.0308875249484821 0.1352642189953991 0.8338482560561189
250 0.5609873091415934 0.1103042387061784 0.3287084521522282
403 0.1748077485496893 0.5200555157535629 0.3051367356967478
572 0.5196968210702048 0.2028609250129638 0.2774422539168315
1066 0.6987907060752104 0.03788627282312325 0.2633230211016663
597 0.04684364045268959 0.733059692189917 0.2200966673573934
1282 0.0975771584106091 0.902054425383729 0.0003684162056618312
1186 0.1579408054685944 0.3602643342278445 0.481794860303561
569 0.2166616448491033 0.120071435293996 0.6632669198569007
265 0.5258880747777197 0.4099591209280503 0.06415280429422998
110 0.9263025193308644 0.03583111979274031 0.03786636087639529
105 0.2672697529906861 0.3904644894114061 0.3422657575979078
1285 0.09765249436605405 0.8851099736701395 0.0172375319638064
137 0.6450327879604978 0.3304170336477246 0.02455017839177761
1155 0.2236001575269356 0.6760416852881486 0.1003581571849159
283 0.4783324749853468 0.005875750003325106 0.5157917750113281
183 0.02068127372611073 0.6442590117273667 0.3350597145465226
398 0.1133424545518908 0.4196120359644194 0.4670455094836898
1097 0.5891358603844459 0.2201259024851333 0.1907382371304208
258 0.4733650085409031 0.4679608958257779 0.05867409563331896
630 0.7921346463730978 0.1296559075213995 0.07820944610550262
1285 0.48711275943551 0.1390377777923845 0.3738494627721056
146 0.3354880812896081 0.4387967451781651 0.2257151735322268
240 0.2056195162117003 0.1961914534991317 0.598189030289168
682 0.3219606890323718 0.4529891122257248 0.2250501987419035
487 0.3573128704683545 0.6200270594171331 0.02266007011451245
1115 0.03581767265349153 0.7921495242360415 0.1720328031104671
974 0.733158179958685 0.01640058048164067 0.2504412395596742
943 0.2272163619297804 0.2344823652652611 0.5383012728049585
410 0.01705374490297252 0.0482365256191983 0.9347097294778293
187 0.3799690388814453 0.4351815331485672 0.1848494279699875
193 0.956723962257046 0.02464360089879488 0.01863243684415911
818 0.353048602654267 0.6111420792107224 0.03580931813501066
1122 0.5022633023170284 0.233371630594391 0.2643650670885806
422 0.5774135005110683 0.1581816999370009 0.2644047995519309
1122 0.1603461867830575 0.3782459142359634 0.4614078989809792
332 0.4629550000321147 0.4259699217588068 0.1110750782090786
1780 0.001202811708117191 0.4762718420529277 0.5225253462389552
1908 0.1198799410754772 0.2414521187866077 0.6386679401379152
1215 0.1319217216024994 0.02923848047326959 0.838839797924231
182 0.00581230650517589 0.5418800936172574 0.4523075998775667
94 0.6820438349178966 0.01332371372243278 0.3046324513596706
129 0.04833932644529063 0.240866479223827 0.7107941943308824
1222 0.1942592543688764 0.1250128110025576 0.680727934628566
1611 0.1518264072666087 0.3302645568391749 0.5179090358942163
1261 0.5507567583971293 0.3184128298997917 0.1308304117030789
217 0.1867262089374928 0.6188790744916184 0.1943947165708887
1356 0.1546495093862555 0.05651840661271505 0.7888320840010294
215 0.3534381798921088 0.5046600868199103 0.141901733287981
55 0.2939754304415922 0.5390611028963765 0.1669634666620312
707 0.7300065993418343 0.04677426449444494 0.2232191361637207
683 0.3017437361807915 0.2752204365795054 0.4230358272397031
1152 0.7239008689852661 0.2725477682449097 0.003551362769824248
1423 0.07491197230698615 0.32431910318611 0.6007689245069039
1213 0.6787383679686644 0.2054553350618303 0.1158062969695053
565 0.3785361503125524 0.2984302905562229 0.3230335591312246
242 0.05533680195111257 0.6851463860683474 0.25951681198054
201 0.1308306414937385 0.06878721422432242 0.8003821442819391
1030 0.2967223152199073 0.4783491703193341 0.2249285144607586
1859 0.08129069678722821 0.1081026288873267 0.8106066743254451
1154 0.2113961445565602 0.1520659095604347 0.6365379458830052
298 0.5117238333149988 0.2757777245815898 0.2124984421034114
323 0.349554382709773 0.3381865128252648 0.3122591044649622
743 0.4265665283474118 0.298902520145663 0.2745309515069251
1218 0.6589430436539384 0.1075057876169637 0.2335511687290979
1296 0.02182491576880006 0.8057967879146086 0.1723782963165914
1294 0.5812724052748843 0.04678703129828982 0.3719405634268259
306 0.6920292303534168 0.2345969627273553 0.07337380691922789
452 0.7710647710682518 0.08684226483432433 0.1420929640974239
1241 0.8444098405657217 0.01791441101064306 0.1376757484236353
494 0.8706503678261703 0.08242408326547616 0.04692554890835353
294 0.05694768518656432 0.7082457546841763 0.2348065601292594
969 0.4127298999925776 0.288074440217707 0.2991956597897154
545 0.13665054090986 0.7111092871159335 0.1522401719742065
282 0.5047363415383255 0.06595496444214721 0.4293086940195273
1034 0.1134307279518085 0.6681185530332268 0.2184507190149648
309 0.3994954763381829 0.2275809720588935 0.3729235516029235
249 0.6633326709768809 0.3173794766044783 0.01928785241864073
1046 0.07778370895776311 0.9153613784990666 0.006854912543170317
1088 0.4337443146620733 0.3051719465598101 0.2610837387781166
656 0.1541859532771621 0.06337474260840607 0.7824393041144319
1295 0.6111483218618958 0.003161629573297992 0.3856900485648061
1423 0.4332785521314024 0.4816192616898045 0.08510218617879316
1626 0.5822438072573276 0.2995060258364936 0.1182501669061787
1329 0.4932001366543627 0.02145686973595104 0.4853429936096864
1293 0.7265993167070673 0.09789952410898693 0.1755011591839457
918 0.2306517764992132 0.5682580795045025 0.2010901439962844
932 0.482618940228669 0.1610529814673351 0.3563280783039959
150 0.4944040268325594 0.2372813748550832 0.2683145983123575
807 0.7816550689257359 0.1563572490027228 0.06198768207154128
1777 0.8649055931635938 0.1032669737276039 0.03182743310880243
803 0.4165014636036081 0.3731705643633048 0.2103279720330871
181 0.06039036553406896 0.6844678077500637 0.2551418267158674
1333 0.0514505344176119 0.8699941858112585 0.07855527977112953
246 0.7898031514172591 0.01403691216465585 0.1961599364180851
670 0.440922839737368 0.5229787209383574 0.03609843932427456
207 0.731171193708588 0.123049041058198 0.1457797652332141
1279 0.8262138153249082 0.1495071105929636 0.02427907408212826
