141
0 0.3333333333333333 0.3333333333333333 0.3333333333333333
247 0.5068661976482813 0.2363269677120343 0.2568068346396843
2209 0.04742360210570851 0.6767030244090309 0.2758733734852606
2230 0.644033893605422 0.0006693546792387872 0.3552967517153392
2108 0.441640045457205 0.3396599520571752 0.2187000024856198
459 0.3314655825187324 0.2821741327167682 0.3863602847644994
274 0.4813558130131304 0.3821020499130556 0.136542137073814
1787 0.2818993865208153 0.4048817920845734 0.3132188213946113
651 0.4127472544169389 0.1948507187787328 0.3924020268043282
626 0.4484816183813879 0.3521698588175848 0.1993485228010273
2038 0.241291984190697 0.7526420270187266 0.006065988790576311
2299 0.3115963789592925 0.1593252456602092 0.5290783753804984
1566 0.3440066788409969 0.1973755731041153 0.4586177480548879
531 0.4217997889568384 0.5448824769119081 0.03331773413125357
1447 0.1661605051391946 0.09358259803495739 0.7402568968258481
1220 0.4148364800075871 0.1127641668270108 0.472399353165402
416 0.3367312183415411 0.1187147269751059 0.5445540546833531
1198 0.6008013391092271 0.09190148426393224 0.3072971766268407
2198 0.552423450729884 0.03842296563292434 0.4091535836371917
2075 0.0211086431640141 0.3126217533735646 0.6662696034624214
1142 0.4202193162863977 0.2844826120657324 0.2952980716478699
1577 0.2233853627954925 0.6577212598515193 0.1188933773529882
542 0.1353154350692488 0.1242524699120106 0.7404320950187406
1419 0.5270387210701769 0.4421673595593819 0.03079391937044128
214 0.5002431680704859 0.1624065125797005 0.3373503193498137
1955 0.216585406462898 0.7476071003833178 0.03580749315378423
1547 0.1102219481090703 0.7917826179513872 0.09799543393954255
257 0.219145540058011 0.4062121000787302 0.3746423598632588
776 0.4243403464558629 0.1002822228588504 0.4753774306852868
2193 0.7452774770081241 0.2319847410379946 0.02273778195388136
844 0.7455074293003611 0.2249717501137176 0.02952082058592138
1971 0.08779064898960691 0.2179386011408354 0.6942707498695577
343 0.2178613760853154 0.06633097854703496 0.7158076453676496
1403 0.2512712488357244 0.08019238285372934 0.6685363683105463
1066 0.3604996824857775 0.2679243159069432 0.3715760016072794
1013 0.2006085971181042 0.7941188577619647 0.005272545119931027
379 0.6778232918312739 0.2228097039718741 0.09936700419685202
2272 0.3582791881385811 0.3424522915523968 0.299268520309022
186 0.6501631262907032 0.3108466085651157 0.03899026514418108
680 0.2241772854370818 0.4090813855309096 0.3667413290320086
2113 0.2644061967050851 0.6332231090635849 0.1023706942313301
1963 0.1223726131435864 0.4689271347998326 0.408700252056581
1996 0.6618592227103107 0.2297080011997258 0.1084327760899635
668 0.4536421876092093 0.4795284551662509 0.06682935722453975
173 0.5227213714043363 0.03363020649475827 0.4436484221009054
856 0.1259067805318144 0.5517367397602295 0.3223564797079561
1215 0.03757139747810972 0.2331807163595001 0.7292478861623901
1681 0.4282642009641513 0.1429548675557772 0.4287809314800715
132 0.1752767406036025 0.526354646756825 0.2983686126395726
1303 0.2240877000226668 0.4120772244157119 0.3638350755616213
879 0.4999119470867818 0.1843756514160296 0.3157124014971887
1539 0.3699366694156996 0.435628613637807 0.1944347169464934
1808 0.00888102455356181 0.550040450017146 0.4410785254292922
1502 0.265383856682208 0.5417278341830578 0.1928883091347341
1916 0.1906989334043362 0.3150569506463022 0.4942441159493616
1653 0.5858149317374349 0.1940204170627221 0.220164651199843
1770 0.7040861251314851 0.05569054483651871 0.2402233300319963
45 0.1152858526686575 0.8513593881976897 0.03335475913365274
1044 0.2399020358117666 0.006919163236646027 0.7531788009515874
2265 0.2036684380813439 0.6127301363454816 0.1836014255731745
948 0.05044100454360304 0.7273836851745495 0.2221753102818474
441 0.1905534605073515 0.7071952723123741 0.1022512671802743
34 0.06367138791794323 0.4661849178401626 0.4701436942418942
519 0.3048762651101745 0.6892894050408785 0.00583432984894694
2166 0.9791368612443289 0.009976625820887559 0.01088651293478358
240 0.004827139156271015 0.06877213272201524 0.9264007281217137
1619 0.607477762511663 0.2806564326936504 0.1118658047946866
1980 0.006857825901506462 0.4781928129976437 0.5149493611008499
113 0.8057101952893104 0.169409154756135 0.02488064995455457
332 0.3386148847936017 0.4307724922115229 0.2306126229948754
975 0.399113953916343 0.2921041596521379 0.308781886431519
474 0.3676689510228269 0.2204748203636658 0.4118562286135073
316 0.4806387728585109 0.2442474475122931 0.275113779629196
836 0.8297574713667506 0.04139156928686294 0.1288509593463865
387 0.4406173182940992 0.0527047986853012 0.5066778830205997
151 0.6467689113113242 0.2268465481600917 0.1263845405285841
587 0.03844525765055724 0.5230068245213962 0.4385479178280465
355 0.6395889472380671 0.145611725669023 0.2147993270929099
771 0.06398366373282344 0.8885007696562583 0.04751556661091827
1279 0.2556150342488301 0.6498966908597683 0.09448827489140155
1888 0.2087935911104133 0.2937516254729637 0.4974547834166231
1232 0.02558026820768582 0.6549271908867184 0.3194925409055958
641 0.5484844423099878 0.1773667832870424 0.2741487744029699
916 0.002466601138570681 0.2196045426426599 0.7779288562187695
609 0.3346626822080507 0.3458275388801321 0.3195097789118171
2054 0.5546186146450814 0.4352085331373766 0.01017285221754204
1243 0.4527271660522981 0.4064249149385649 0.140847919009137
1848 0.1344510469923361 0.8214725341412074 0.0440764188664565
1534 0.2972355702048358 0.2731258665153036 0.4296385632798607
1877 0.07473185615236136 0.3415392787946576 0.583728865052981
1390 0.7115381608327225 0.1313354678789466 0.157126371288331
482 0.1952982698285268 0.05836657043113747 0.7463351597403357
1632 0.2866115221350959 0.05658374229008317 0.656804735574821
55 0.3272918058295468 0.02345587820598209 0.6492523159644711
757 0.2759460165450504 0.6605892395673532 0.06346474388759643
663 0.5772141578459908 0.2329085074565578 0.1898773346974514
1829 0.442477519730647 0.07268827149698102 0.484834208772372
546 0.3496325358015094 0.3730319366068078 0.2773355275916828
1720 0.1885754434402362 0.2899482589774646 0.5214762975822992
1431 0.4219346250221974 0.06247897475535114 0.5155864002224515
1778 0.1015673415952105 0.5952855016892795 0.30314715671551
1657 0.07546225257929222 0.1962861513834098 0.7282515960372981
722 0.2506341393142631 0.5906551516663291 0.1587107090194078
1693 0.7127984707996453 0.1868807867627258 0.1003207424376289
2081 0.01031349169150665 0.6514378931496906 0.3382486151588028
1328 0.8672883278587878 0.1210650481859594 0.01164662395525273
969 0.5973529248196093 0.09349220655268066 0.3091548686277101
1100 0.4167079652462823 0.4747432150090778 0.1085488197446398
1000 0.1190274982255143 0.259395352073909 0.6215771497005768
1031 0.4535598935472737 0.2623234339159529 0.2841166725367735
1161 0.530148989115325 0.1296238218402325 0.3402271890444424
2101 0.4054496057721659 0.3420142611468056 0.2525361330810285
1037 0.4647015231663569 0.2550163069362824 0.2802821698973607
1250 0.4471701661637539 0.3986334612790057 0.1541963725572405
717 0.2713697350571884 0.5670083990510856 0.1616218658917261
571 0.3908424018298662 0.08037190138284636 0.5287856967872875
1178 0.07564778299898396 0.1602377790752549 0.7641144379257612
1817 0.06910242643770287 0.4381753860593673 0.4927221875029299
1334 0.1613548940129677 0.5007716851166226 0.3378734208704097
2284 0.1850949868981478 0.1901064925140481 0.6247985205878042
446 0.3878160425362606 0.05677812262985619 0.5554058348338833
1108 0.1526694543262556 0.1106576131454105 0.736672932528334
1007 0.03440376257555291 0.6451196111741008 0.3204766262503463
1394 0.2750223673329495 0.6259166791311114 0.09906095353593908
1509 0.3730038031383787 0.0554392633150006 0.5715569335466207
870 0.2317743796551693 0.6274260292562158 0.1407995910886149
1861 0.1397326684677829 0.3170466037530935 0.5432207277791237
1362 0.3506442654982462 0.265554602210789 0.3838011322909647
911 0.0949430964387795 0.8277534863298601 0.07730341723136037
1686 0.7935037946617089 0.08695591940354366 0.1195402859347474
1256 0.2151115520343221 0.7517628749091794 0.0331255730564985
750 0.1922353824865201 0.2020366949882826 0.6057279225251972
2025 0.3995588370324905 0.4151792897373354 0.1852618732301741
1295 0.08565671427588123 0.6516873521831387 0.26265593354098
1746 0.4126069998250284 0.286235075725503 0.3011579244494686
96 0.1720609976780887 0.07329011190829791 0.7546488904136134
1119 0.1200602631465831 0.1992434587558229 0.680696278097594
1525 0.5354491511856411 0.07848188359859069 0.3860689652157682
1638 0.0381479805111193 0.2694776805083637 0.692374338980517
73 0.3491654549878195 0.2958536913033741 0.3549808537088064
735 0.1955245870048136 0.1299552443463753 0.6745201686488111
